[INFO] [2019.10.3 21:40:4 /home/dainius/Downloads/nest/nestkernel/rng_manager.cpp:238 @ Network::create_rngs_] : Creating default RNGs
[INFO] [2019.10.3 21:40:4 /home/dainius/Downloads/nest/nestkernel/rng_manager.cpp:284 @ Network::create_grng_] : Creating new default global RNG

              -- N E S T --
  Copyright (C) 2004 The NEST Initiative

 Version: v2.16.0
 Built: Jun 16 2019 13:00:41

 This program is provided AS IS and comes with
 NO WARRANTY. See the file LICENSE for details.

 Problems or suggestions?
   Visit http://www.nest-simulator.org

 Type 'nest.help()' to find out more about NEST.

CSAConnector: libneurosim support not available in NEST.
Falling back on PyNN's default CSAConnector.
Please re-compile NEST using --with-libneurosim=PATH
1
(Assertion: 3 => ('base', 'canary') and ('prime', 'base') and (link, ('base', 'canary', 'query')) and (link, ('base', 'animal', 'query')))
78 17.0
78 25.0
78 31.0
78 37.0
78 42.0
78 47.0
78 52.0
78 57.0
78 62.0
78 67.0
(Assertion: 3 => ('isType', ('canary', 'animal')) <= (question, ('is', 'canary', 'animal')) and (link, ('base', 'animal', 'query')))
67 65.0
(Assertion: 1 => ('prime', 'property') and (link, ('base', 'canary', 'stimulate')) and (link, ('relationship', 'eats', 'stimulate')))
10 17.0
10 25.0
10 31.0
10 37.0
10 42.0
10 47.0
10 52.0
10 57.0
10 62.0
10 67.0
10 72.0
(Assertion: 4 <= (isType, ('canary', 'animal')) and (link, ('base', 'canary', 'query')) and (prime, base))
109 93.0
(Assertion: 1 => ('is', ('canary', 'eats', 'food')) <= (question, ('does', 'canary', 'eats', 'food')) and (link, ('base', 'canary', 'stimulate')) and (link, ('relationship', 'eats', 'stimulate')) and (prime, property))
41 69.0
(Prime: property)
11 23.0
11 28.0
11 33.0
11 37.0
11 41.0
11 45.0
11 49.0
11 53.0
11 57.0
11 61.0
11 65.0
11 69.0
11 73.0
11 77.0
11 81.0
11 85.0
11 89.0
11 94.0
11 99.0
11 104.0
11 109.0
11 114.0
11 119.0
11 124.0
11 129.0
11 134.0
11 139.0
11 144.0
11 149.0
11 154.0
11 159.0
11 164.0
11 169.0
11 174.0
11 179.0
11 184.0
11 189.0
11 194.0
11 199.0
12 23.0
12 28.0
12 33.0
12 37.0
12 41.0
12 45.0
12 49.0
12 53.0
12 57.0
12 61.0
12 65.0
12 69.0
12 73.0
12 77.0
12 81.0
12 85.0
12 89.0
12 94.0
12 99.0
12 104.0
12 109.0
12 114.0
12 119.0
12 124.0
12 129.0
12 134.0
12 139.0
12 144.0
12 149.0
12 154.0
12 159.0
12 164.0
12 169.0
12 174.0
12 179.0
12 184.0
12 189.0
12 194.0
12 199.0
13 23.0
13 28.0
13 33.0
13 37.0
13 41.0
13 45.0
13 49.0
13 53.0
13 57.0
13 61.0
13 65.0
13 69.0
13 73.0
13 77.0
13 81.0
13 85.0
13 89.0
13 94.0
13 99.0
13 104.0
13 109.0
13 114.0
13 119.0
13 124.0
13 129.0
13 134.0
13 139.0
13 144.0
13 149.0
13 154.0
13 159.0
13 164.0
13 169.0
13 174.0
13 179.0
13 184.0
13 189.0
13 194.0
13 199.0
14 23.0
14 28.0
14 33.0
14 37.0
14 41.0
14 45.0
14 49.0
14 53.0
14 57.0
14 61.0
14 65.0
14 69.0
14 73.0
14 77.0
14 81.0
14 85.0
14 89.0
14 94.0
14 99.0
14 104.0
14 109.0
14 114.0
14 119.0
14 124.0
14 129.0
14 134.0
14 139.0
14 144.0
14 149.0
14 154.0
14 159.0
14 164.0
14 169.0
14 174.0
14 179.0
14 184.0
14 189.0
14 194.0
14 199.0
15 23.0
15 28.0
15 33.0
15 37.0
15 41.0
15 45.0
15 49.0
15 53.0
15 57.0
15 61.0
15 65.0
15 69.0
15 73.0
15 77.0
15 81.0
15 85.0
15 89.0
15 94.0
15 99.0
15 104.0
15 109.0
15 114.0
15 119.0
15 124.0
15 129.0
15 134.0
15 139.0
15 144.0
15 149.0
15 154.0
15 159.0
15 164.0
15 169.0
15 174.0
15 179.0
15 184.0
15 189.0
15 194.0
15 199.0
16 23.0
16 28.0
16 33.0
16 37.0
16 41.0
16 45.0
16 49.0
16 53.0
16 57.0
16 61.0
16 65.0
16 69.0
16 73.0
16 77.0
16 81.0
16 85.0
16 89.0
16 94.0
16 99.0
16 104.0
16 109.0
16 114.0
16 119.0
16 124.0
16 129.0
16 134.0
16 139.0
16 144.0
16 149.0
16 154.0
16 159.0
16 164.0
16 169.0
16 174.0
16 179.0
16 184.0
16 189.0
16 194.0
16 199.0
17 23.0
17 28.0
17 33.0
17 37.0
17 41.0
17 45.0
17 49.0
17 53.0
17 57.0
17 61.0
17 65.0
17 69.0
17 73.0
17 77.0
17 81.0
17 85.0
17 89.0
17 94.0
17 99.0
17 104.0
17 109.0
17 114.0
17 119.0
17 124.0
17 129.0
17 134.0
17 139.0
17 144.0
17 149.0
17 154.0
17 159.0
17 164.0
17 169.0
17 174.0
17 179.0
17 184.0
17 189.0
17 194.0
17 199.0
18 23.0
18 28.0
18 33.0
18 37.0
18 41.0
18 45.0
18 49.0
18 53.0
18 57.0
18 61.0
18 65.0
18 69.0
18 73.0
18 77.0
18 81.0
18 85.0
18 89.0
18 94.0
18 99.0
18 104.0
18 109.0
18 114.0
18 119.0
18 124.0
18 129.0
18 134.0
18 139.0
18 144.0
18 149.0
18 154.0
18 159.0
18 164.0
18 169.0
18 174.0
18 179.0
18 184.0
18 189.0
18 194.0
18 199.0
19 67.0
20 67.0
(Prime: base)
79 23.0
79 28.0
79 33.0
79 37.0
79 41.0
79 45.0
79 49.0
79 53.0
79 57.0
79 61.0
79 65.0
79 69.0
79 72.0
79 76.0
79 80.0
79 84.0
79 88.0
79 93.0
80 23.0
80 28.0
80 33.0
80 37.0
80 41.0
80 45.0
80 49.0
80 53.0
80 57.0
80 61.0
80 65.0
80 69.0
80 72.0
80 76.0
80 80.0
80 84.0
80 88.0
80 93.0
81 23.0
81 28.0
81 33.0
81 37.0
81 41.0
81 45.0
81 49.0
81 53.0
81 57.0
81 61.0
81 65.0
81 69.0
81 72.0
81 76.0
81 80.0
81 84.0
81 88.0
81 93.0
82 23.0
82 28.0
82 33.0
82 37.0
82 41.0
82 45.0
82 49.0
82 53.0
82 57.0
82 61.0
82 65.0
82 69.0
82 72.0
82 76.0
82 80.0
82 84.0
82 88.0
82 93.0
83 23.0
83 28.0
83 33.0
83 37.0
83 41.0
83 45.0
83 49.0
83 53.0
83 57.0
83 61.0
83 65.0
83 69.0
83 72.0
83 76.0
83 80.0
83 84.0
83 88.0
83 93.0
84 23.0
84 28.0
84 33.0
84 37.0
84 41.0
84 45.0
84 49.0
84 53.0
84 57.0
84 61.0
84 65.0
84 69.0
84 72.0
84 76.0
84 80.0
84 84.0
84 88.0
84 93.0
85 23.0
85 28.0
85 33.0
85 37.0
85 41.0
85 45.0
85 49.0
85 53.0
85 57.0
85 61.0
85 65.0
85 69.0
85 72.0
85 76.0
85 80.0
85 84.0
85 88.0
85 93.0
86 23.0
86 28.0
86 33.0
86 37.0
86 41.0
86 45.0
86 49.0
86 53.0
86 57.0
86 61.0
86 65.0
86 69.0
86 72.0
86 76.0
86 80.0
86 84.0
86 88.0
86 93.0
87 67.0
88 67.0
(Link: base, animal, query)
99 38.0
99 42.0
99 46.0
99 50.0
99 54.0
99 58.0
99 62.0
99 66.0
99 72.0
99 76.0
99 80.0
99 84.0
99 88.0
99 91.0
99 94.0
99 97.0
99 101.0
99 105.0
99 109.0
99 113.0
99 117.0
99 121.0
99 125.0
99 128.0
99 131.0
99 134.0
99 137.0
99 141.0
99 145.0
99 149.0
99 153.0
99 157.0
99 160.0
99 163.0
99 166.0
99 169.0
99 173.0
99 177.0
99 181.0
99 185.0
99 189.0
99 192.0
99 195.0
99 198.0
100 38.0
100 42.0
100 46.0
100 50.0
100 54.0
100 58.0
100 62.0
100 66.0
100 72.0
100 76.0
100 80.0
100 84.0
100 88.0
100 91.0
100 94.0
100 97.0
100 101.0
100 105.0
100 109.0
100 113.0
100 117.0
100 121.0
100 125.0
100 128.0
100 131.0
100 134.0
100 137.0
100 141.0
100 145.0
100 149.0
100 153.0
100 157.0
100 160.0
100 163.0
100 166.0
100 169.0
100 173.0
100 177.0
100 181.0
100 185.0
100 189.0
100 192.0
100 195.0
100 198.0
101 38.0
101 42.0
101 46.0
101 50.0
101 54.0
101 58.0
101 62.0
101 66.0
101 72.0
101 76.0
101 80.0
101 84.0
101 88.0
101 91.0
101 94.0
101 97.0
101 101.0
101 105.0
101 109.0
101 113.0
101 117.0
101 121.0
101 125.0
101 128.0
101 131.0
101 134.0
101 137.0
101 141.0
101 145.0
101 149.0
101 153.0
101 157.0
101 160.0
101 163.0
101 166.0
101 169.0
101 173.0
101 177.0
101 181.0
101 185.0
101 189.0
101 192.0
101 195.0
101 198.0
102 38.0
102 42.0
102 46.0
102 50.0
102 54.0
102 58.0
102 62.0
102 66.0
102 72.0
102 76.0
102 80.0
102 84.0
102 88.0
102 91.0
102 94.0
102 97.0
102 101.0
102 105.0
102 109.0
102 113.0
102 117.0
102 121.0
102 125.0
102 128.0
102 131.0
102 134.0
102 137.0
102 141.0
102 145.0
102 149.0
102 153.0
102 157.0
102 160.0
102 163.0
102 166.0
102 169.0
102 173.0
102 177.0
102 181.0
102 185.0
102 189.0
102 192.0
102 195.0
102 198.0
103 38.0
103 42.0
103 46.0
103 50.0
103 54.0
103 58.0
103 62.0
103 66.0
103 72.0
103 76.0
103 80.0
103 84.0
103 88.0
103 91.0
103 94.0
103 97.0
103 101.0
103 105.0
103 109.0
103 113.0
103 117.0
103 121.0
103 125.0
103 128.0
103 131.0
103 134.0
103 137.0
103 141.0
103 145.0
103 149.0
103 153.0
103 157.0
103 160.0
103 163.0
103 166.0
103 169.0
103 173.0
103 177.0
103 181.0
103 185.0
103 189.0
103 192.0
103 195.0
103 198.0
104 38.0
104 42.0
104 46.0
104 50.0
104 54.0
104 58.0
104 62.0
104 66.0
104 72.0
104 76.0
104 80.0
104 84.0
104 88.0
104 91.0
104 94.0
104 97.0
104 101.0
104 105.0
104 109.0
104 113.0
104 117.0
104 121.0
104 125.0
104 128.0
104 131.0
104 134.0
104 137.0
104 141.0
104 145.0
104 149.0
104 153.0
104 157.0
104 160.0
104 163.0
104 166.0
104 169.0
104 173.0
104 177.0
104 181.0
104 185.0
104 189.0
104 192.0
104 195.0
104 198.0
105 38.0
105 42.0
105 46.0
105 50.0
105 54.0
105 58.0
105 62.0
105 66.0
105 72.0
105 76.0
105 80.0
105 84.0
105 88.0
105 91.0
105 94.0
105 97.0
105 101.0
105 105.0
105 109.0
105 113.0
105 117.0
105 121.0
105 125.0
105 128.0
105 131.0
105 134.0
105 137.0
105 141.0
105 145.0
105 149.0
105 153.0
105 157.0
105 160.0
105 163.0
105 166.0
105 169.0
105 173.0
105 177.0
105 181.0
105 185.0
105 189.0
105 192.0
105 195.0
105 198.0
106 38.0
106 42.0
106 46.0
106 50.0
106 54.0
106 58.0
106 62.0
106 66.0
106 72.0
106 76.0
106 80.0
106 84.0
106 88.0
106 91.0
106 94.0
106 97.0
106 101.0
106 105.0
106 109.0
106 113.0
106 117.0
106 121.0
106 125.0
106 128.0
106 131.0
106 134.0
106 137.0
106 141.0
106 145.0
106 149.0
106 153.0
106 157.0
106 160.0
106 163.0
106 166.0
106 169.0
106 173.0
106 177.0
106 181.0
106 185.0
106 189.0
106 192.0
106 195.0
106 198.0
107 87.0
107 123.0
107 155.0
107 187.0
108 87.0
108 123.0
108 155.0
108 187.0
(Link: base, canary, query)
89 30.0
89 34.0
89 38.0
89 42.0
89 46.0
89 50.0
89 54.0
89 58.0
89 62.0
89 66.0
89 70.0
89 73.0
89 76.0
89 79.0
89 82.0
89 85.0
89 89.0
89 93.0
89 101.0
89 105.0
89 109.0
89 113.0
89 117.0
89 121.0
89 124.0
89 127.0
89 130.0
89 133.0
89 137.0
89 141.0
89 145.0
89 149.0
89 153.0
89 156.0
89 159.0
89 162.0
89 165.0
89 169.0
89 173.0
89 177.0
89 181.0
89 185.0
89 188.0
89 191.0
89 194.0
89 197.0
90 30.0
90 34.0
90 38.0
90 42.0
90 46.0
90 50.0
90 54.0
90 58.0
90 62.0
90 66.0
90 70.0
90 73.0
90 76.0
90 79.0
90 82.0
90 85.0
90 89.0
90 93.0
90 101.0
90 105.0
90 109.0
90 113.0
90 117.0
90 121.0
90 124.0
90 127.0
90 130.0
90 133.0
90 137.0
90 141.0
90 145.0
90 149.0
90 153.0
90 156.0
90 159.0
90 162.0
90 165.0
90 169.0
90 173.0
90 177.0
90 181.0
90 185.0
90 188.0
90 191.0
90 194.0
90 197.0
91 30.0
91 34.0
91 38.0
91 42.0
91 46.0
91 50.0
91 54.0
91 58.0
91 62.0
91 66.0
91 70.0
91 73.0
91 76.0
91 79.0
91 82.0
91 85.0
91 89.0
91 93.0
91 101.0
91 105.0
91 109.0
91 113.0
91 117.0
91 121.0
91 124.0
91 127.0
91 130.0
91 133.0
91 137.0
91 141.0
91 145.0
91 149.0
91 153.0
91 156.0
91 159.0
91 162.0
91 165.0
91 169.0
91 173.0
91 177.0
91 181.0
91 185.0
91 188.0
91 191.0
91 194.0
91 197.0
92 30.0
92 34.0
92 38.0
92 42.0
92 46.0
92 50.0
92 54.0
92 58.0
92 62.0
92 66.0
92 70.0
92 73.0
92 76.0
92 79.0
92 82.0
92 85.0
92 89.0
92 93.0
92 101.0
92 105.0
92 109.0
92 113.0
92 117.0
92 121.0
92 124.0
92 127.0
92 130.0
92 133.0
92 137.0
92 141.0
92 145.0
92 149.0
92 153.0
92 156.0
92 159.0
92 162.0
92 165.0
92 169.0
92 173.0
92 177.0
92 181.0
92 185.0
92 188.0
92 191.0
92 194.0
92 197.0
93 30.0
93 34.0
93 38.0
93 42.0
93 46.0
93 50.0
93 54.0
93 58.0
93 62.0
93 66.0
93 70.0
93 73.0
93 76.0
93 79.0
93 82.0
93 85.0
93 89.0
93 93.0
93 101.0
93 105.0
93 109.0
93 113.0
93 117.0
93 121.0
93 124.0
93 127.0
93 130.0
93 133.0
93 137.0
93 141.0
93 145.0
93 149.0
93 153.0
93 156.0
93 159.0
93 162.0
93 165.0
93 169.0
93 173.0
93 177.0
93 181.0
93 185.0
93 188.0
93 191.0
93 194.0
93 197.0
94 30.0
94 34.0
94 38.0
94 42.0
94 46.0
94 50.0
94 54.0
94 58.0
94 62.0
94 66.0
94 70.0
94 73.0
94 76.0
94 79.0
94 82.0
94 85.0
94 89.0
94 93.0
94 101.0
94 105.0
94 109.0
94 113.0
94 117.0
94 121.0
94 124.0
94 127.0
94 130.0
94 133.0
94 137.0
94 141.0
94 145.0
94 149.0
94 153.0
94 156.0
94 159.0
94 162.0
94 165.0
94 169.0
94 173.0
94 177.0
94 181.0
94 185.0
94 188.0
94 191.0
94 194.0
94 197.0
95 30.0
95 34.0
95 38.0
95 42.0
95 46.0
95 50.0
95 54.0
95 58.0
95 62.0
95 66.0
95 70.0
95 73.0
95 76.0
95 79.0
95 82.0
95 85.0
95 89.0
95 93.0
95 101.0
95 105.0
95 109.0
95 113.0
95 117.0
95 121.0
95 124.0
95 127.0
95 130.0
95 133.0
95 137.0
95 141.0
95 145.0
95 149.0
95 153.0
95 156.0
95 159.0
95 162.0
95 165.0
95 169.0
95 173.0
95 177.0
95 181.0
95 185.0
95 188.0
95 191.0
95 194.0
95 197.0
96 30.0
96 34.0
96 38.0
96 42.0
96 46.0
96 50.0
96 54.0
96 58.0
96 62.0
96 66.0
96 70.0
96 73.0
96 76.0
96 79.0
96 82.0
96 85.0
96 89.0
96 93.0
96 101.0
96 105.0
96 109.0
96 113.0
96 117.0
96 121.0
96 124.0
96 127.0
96 130.0
96 133.0
96 137.0
96 141.0
96 145.0
96 149.0
96 153.0
96 156.0
96 159.0
96 162.0
96 165.0
96 169.0
96 173.0
96 177.0
96 181.0
96 185.0
96 188.0
96 191.0
96 194.0
96 197.0
97 69.0
97 119.0
97 151.0
97 183.0
98 69.0
98 119.0
98 151.0
98 183.0
(Link: base, canary, stimulate)
21 23.0
21 28.0
21 33.0
21 37.0
21 41.0
21 45.0
21 49.0
21 53.0
21 57.0
21 61.0
21 65.0
21 69.0
21 73.0
21 77.0
21 81.0
21 85.0
21 89.0
21 94.0
21 99.0
21 104.0
21 109.0
21 114.0
21 119.0
21 124.0
21 129.0
21 134.0
21 139.0
21 144.0
21 149.0
21 154.0
21 159.0
21 164.0
21 169.0
21 174.0
21 179.0
21 184.0
21 189.0
21 194.0
21 199.0
22 23.0
22 28.0
22 33.0
22 37.0
22 41.0
22 45.0
22 49.0
22 53.0
22 57.0
22 61.0
22 65.0
22 69.0
22 73.0
22 77.0
22 81.0
22 85.0
22 89.0
22 94.0
22 99.0
22 104.0
22 109.0
22 114.0
22 119.0
22 124.0
22 129.0
22 134.0
22 139.0
22 144.0
22 149.0
22 154.0
22 159.0
22 164.0
22 169.0
22 174.0
22 179.0
22 184.0
22 189.0
22 194.0
22 199.0
23 23.0
23 28.0
23 33.0
23 37.0
23 41.0
23 45.0
23 49.0
23 53.0
23 57.0
23 61.0
23 65.0
23 69.0
23 73.0
23 77.0
23 81.0
23 85.0
23 89.0
23 94.0
23 99.0
23 104.0
23 109.0
23 114.0
23 119.0
23 124.0
23 129.0
23 134.0
23 139.0
23 144.0
23 149.0
23 154.0
23 159.0
23 164.0
23 169.0
23 174.0
23 179.0
23 184.0
23 189.0
23 194.0
23 199.0
24 23.0
24 28.0
24 33.0
24 37.0
24 41.0
24 45.0
24 49.0
24 53.0
24 57.0
24 61.0
24 65.0
24 69.0
24 73.0
24 77.0
24 81.0
24 85.0
24 89.0
24 94.0
24 99.0
24 104.0
24 109.0
24 114.0
24 119.0
24 124.0
24 129.0
24 134.0
24 139.0
24 144.0
24 149.0
24 154.0
24 159.0
24 164.0
24 169.0
24 174.0
24 179.0
24 184.0
24 189.0
24 194.0
24 199.0
25 23.0
25 28.0
25 33.0
25 37.0
25 41.0
25 45.0
25 49.0
25 53.0
25 57.0
25 61.0
25 65.0
25 69.0
25 73.0
25 77.0
25 81.0
25 85.0
25 89.0
25 94.0
25 99.0
25 104.0
25 109.0
25 114.0
25 119.0
25 124.0
25 129.0
25 134.0
25 139.0
25 144.0
25 149.0
25 154.0
25 159.0
25 164.0
25 169.0
25 174.0
25 179.0
25 184.0
25 189.0
25 194.0
25 199.0
26 23.0
26 28.0
26 33.0
26 37.0
26 41.0
26 45.0
26 49.0
26 53.0
26 57.0
26 61.0
26 65.0
26 69.0
26 73.0
26 77.0
26 81.0
26 85.0
26 89.0
26 94.0
26 99.0
26 104.0
26 109.0
26 114.0
26 119.0
26 124.0
26 129.0
26 134.0
26 139.0
26 144.0
26 149.0
26 154.0
26 159.0
26 164.0
26 169.0
26 174.0
26 179.0
26 184.0
26 189.0
26 194.0
26 199.0
27 23.0
27 28.0
27 33.0
27 37.0
27 41.0
27 45.0
27 49.0
27 53.0
27 57.0
27 61.0
27 65.0
27 69.0
27 73.0
27 77.0
27 81.0
27 85.0
27 89.0
27 94.0
27 99.0
27 104.0
27 109.0
27 114.0
27 119.0
27 124.0
27 129.0
27 134.0
27 139.0
27 144.0
27 149.0
27 154.0
27 159.0
27 164.0
27 169.0
27 174.0
27 179.0
27 184.0
27 189.0
27 194.0
27 199.0
28 23.0
28 28.0
28 33.0
28 37.0
28 41.0
28 45.0
28 49.0
28 53.0
28 57.0
28 61.0
28 65.0
28 69.0
28 73.0
28 77.0
28 81.0
28 85.0
28 89.0
28 94.0
28 99.0
28 104.0
28 109.0
28 114.0
28 119.0
28 124.0
28 129.0
28 134.0
28 139.0
28 144.0
28 149.0
28 154.0
28 159.0
28 164.0
28 169.0
28 174.0
28 179.0
28 184.0
28 189.0
28 194.0
28 199.0
29 67.0
30 67.0
(Link: relationship, eats, stimulate)
31 23.0
31 28.0
31 33.0
31 37.0
31 41.0
31 45.0
31 49.0
31 53.0
31 57.0
31 61.0
31 65.0
31 69.0
31 73.0
31 77.0
31 81.0
31 85.0
31 89.0
31 94.0
31 99.0
31 104.0
31 109.0
31 114.0
31 119.0
31 124.0
31 129.0
31 134.0
31 139.0
31 144.0
31 149.0
31 154.0
31 159.0
31 164.0
31 169.0
31 174.0
31 179.0
31 184.0
31 189.0
31 194.0
31 199.0
32 23.0
32 28.0
32 33.0
32 37.0
32 41.0
32 45.0
32 49.0
32 53.0
32 57.0
32 61.0
32 65.0
32 69.0
32 73.0
32 77.0
32 81.0
32 85.0
32 89.0
32 94.0
32 99.0
32 104.0
32 109.0
32 114.0
32 119.0
32 124.0
32 129.0
32 134.0
32 139.0
32 144.0
32 149.0
32 154.0
32 159.0
32 164.0
32 169.0
32 174.0
32 179.0
32 184.0
32 189.0
32 194.0
32 199.0
33 23.0
33 28.0
33 33.0
33 37.0
33 41.0
33 45.0
33 49.0
33 53.0
33 57.0
33 61.0
33 65.0
33 69.0
33 73.0
33 77.0
33 81.0
33 85.0
33 89.0
33 94.0
33 99.0
33 104.0
33 109.0
33 114.0
33 119.0
33 124.0
33 129.0
33 134.0
33 139.0
33 144.0
33 149.0
33 154.0
33 159.0
33 164.0
33 169.0
33 174.0
33 179.0
33 184.0
33 189.0
33 194.0
33 199.0
34 23.0
34 28.0
34 33.0
34 37.0
34 41.0
34 45.0
34 49.0
34 53.0
34 57.0
34 61.0
34 65.0
34 69.0
34 73.0
34 77.0
34 81.0
34 85.0
34 89.0
34 94.0
34 99.0
34 104.0
34 109.0
34 114.0
34 119.0
34 124.0
34 129.0
34 134.0
34 139.0
34 144.0
34 149.0
34 154.0
34 159.0
34 164.0
34 169.0
34 174.0
34 179.0
34 184.0
34 189.0
34 194.0
34 199.0
35 23.0
35 28.0
35 33.0
35 37.0
35 41.0
35 45.0
35 49.0
35 53.0
35 57.0
35 61.0
35 65.0
35 69.0
35 73.0
35 77.0
35 81.0
35 85.0
35 89.0
35 94.0
35 99.0
35 104.0
35 109.0
35 114.0
35 119.0
35 124.0
35 129.0
35 134.0
35 139.0
35 144.0
35 149.0
35 154.0
35 159.0
35 164.0
35 169.0
35 174.0
35 179.0
35 184.0
35 189.0
35 194.0
35 199.0
36 23.0
36 28.0
36 33.0
36 37.0
36 41.0
36 45.0
36 49.0
36 53.0
36 57.0
36 61.0
36 65.0
36 69.0
36 73.0
36 77.0
36 81.0
36 85.0
36 89.0
36 94.0
36 99.0
36 104.0
36 109.0
36 114.0
36 119.0
36 124.0
36 129.0
36 134.0
36 139.0
36 144.0
36 149.0
36 154.0
36 159.0
36 164.0
36 169.0
36 174.0
36 179.0
36 184.0
36 189.0
36 194.0
36 199.0
37 23.0
37 28.0
37 33.0
37 37.0
37 41.0
37 45.0
37 49.0
37 53.0
37 57.0
37 61.0
37 65.0
37 69.0
37 73.0
37 77.0
37 81.0
37 85.0
37 89.0
37 94.0
37 99.0
37 104.0
37 109.0
37 114.0
37 119.0
37 124.0
37 129.0
37 134.0
37 139.0
37 144.0
37 149.0
37 154.0
37 159.0
37 164.0
37 169.0
37 174.0
37 179.0
37 184.0
37 189.0
37 194.0
37 199.0
38 23.0
38 28.0
38 33.0
38 37.0
38 41.0
38 45.0
38 49.0
38 53.0
38 57.0
38 61.0
38 65.0
38 69.0
38 73.0
38 77.0
38 81.0
38 85.0
38 89.0
38 94.0
38 99.0
38 104.0
38 109.0
38 114.0
38 119.0
38 124.0
38 129.0
38 134.0
38 139.0
38 144.0
38 149.0
38 154.0
38 159.0
38 164.0
38 169.0
38 174.0
38 179.0
38 184.0
38 189.0
38 194.0
38 199.0
39 67.0
40 67.0
(Intern: 52)
52 51.0
(Intern: 53)
53 55.0
(Intern: 54)
54 59.0
(Intern: 55)
55 63.0
(Intern: 56)
56 66.0
(Intern: 110)
110 91.0
(f-2 - is ('canary', 'eats', 'food'))
42 75.0
42 81.0
42 87.0
42 92.0
42 97.0
42 102.0
42 107.0
42 112.0
42 117.0
42 122.0
42 127.0
42 132.0
42 137.0
42 142.0
42 147.0
42 152.0
42 157.0
42 162.0
42 167.0
42 172.0
42 177.0
42 182.0
42 187.0
42 192.0
42 197.0
43 75.0
43 81.0
43 87.0
43 92.0
43 97.0
43 102.0
43 107.0
43 112.0
43 117.0
43 122.0
43 127.0
43 132.0
43 137.0
43 142.0
43 147.0
43 152.0
43 157.0
43 162.0
43 167.0
43 172.0
43 177.0
43 182.0
43 187.0
43 192.0
43 197.0
44 75.0
44 81.0
44 87.0
44 92.0
44 97.0
44 102.0
44 107.0
44 112.0
44 117.0
44 122.0
44 127.0
44 132.0
44 137.0
44 142.0
44 147.0
44 152.0
44 157.0
44 162.0
44 167.0
44 172.0
44 177.0
44 182.0
44 187.0
44 192.0
44 197.0
45 75.0
45 81.0
45 87.0
45 92.0
45 97.0
45 102.0
45 107.0
45 112.0
45 117.0
45 122.0
45 127.0
45 132.0
45 137.0
45 142.0
45 147.0
45 152.0
45 157.0
45 162.0
45 167.0
45 172.0
45 177.0
45 182.0
45 187.0
45 192.0
45 197.0
46 75.0
46 81.0
46 87.0
46 92.0
46 97.0
46 102.0
46 107.0
46 112.0
46 117.0
46 122.0
46 127.0
46 132.0
46 137.0
46 142.0
46 147.0
46 152.0
46 157.0
46 162.0
46 167.0
46 172.0
46 177.0
46 182.0
46 187.0
46 192.0
46 197.0
47 75.0
47 81.0
47 87.0
47 92.0
47 97.0
47 102.0
47 107.0
47 112.0
47 117.0
47 122.0
47 127.0
47 132.0
47 137.0
47 142.0
47 147.0
47 152.0
47 157.0
47 162.0
47 167.0
47 172.0
47 177.0
47 182.0
47 187.0
47 192.0
47 197.0
48 75.0
48 81.0
48 87.0
48 92.0
48 97.0
48 102.0
48 107.0
48 112.0
48 117.0
48 122.0
48 127.0
48 132.0
48 137.0
48 142.0
48 147.0
48 152.0
48 157.0
48 162.0
48 167.0
48 172.0
48 177.0
48 182.0
48 187.0
48 192.0
48 197.0
49 75.0
49 81.0
49 87.0
49 92.0
49 97.0
49 102.0
49 107.0
49 112.0
49 117.0
49 122.0
49 127.0
49 132.0
49 137.0
49 142.0
49 147.0
49 152.0
49 157.0
49 162.0
49 167.0
49 172.0
49 177.0
49 182.0
49 187.0
49 192.0
49 197.0
(f-1 - question ('does', 'canary', 'eats', 'food'))
0 11.0
0 17.0
0 23.0
0 28.0
0 33.0
0 38.0
0 43.0
0 48.0
0 53.0
0 58.0
0 63.0
0 68.0
1 11.0
1 17.0
1 23.0
1 28.0
1 33.0
1 38.0
1 43.0
1 48.0
1 53.0
1 58.0
1 63.0
1 68.0
2 11.0
2 17.0
2 23.0
2 28.0
2 33.0
2 38.0
2 43.0
2 48.0
2 53.0
2 58.0
2 63.0
2 68.0
3 11.0
3 17.0
3 23.0
3 28.0
3 33.0
3 38.0
3 43.0
3 48.0
3 53.0
3 58.0
3 63.0
3 68.0
4 11.0
4 17.0
4 23.0
4 28.0
4 33.0
4 38.0
4 43.0
4 48.0
4 53.0
4 58.0
4 63.0
4 68.0
5 11.0
5 17.0
5 23.0
5 28.0
5 33.0
5 38.0
5 43.0
5 48.0
5 53.0
5 58.0
5 63.0
5 68.0
6 11.0
6 17.0
6 23.0
6 28.0
6 33.0
6 38.0
6 43.0
6 48.0
6 53.0
6 58.0
6 63.0
6 68.0
7 11.0
7 17.0
7 23.0
7 28.0
7 33.0
7 38.0
7 43.0
7 48.0
7 53.0
7 58.0
7 63.0
7 68.0
(f-3 - question ('is', 'canary', 'animal'))
57 11.0
57 17.0
57 23.0
57 28.0
57 33.0
57 38.0
57 43.0
57 48.0
57 53.0
57 58.0
57 63.0
58 11.0
58 17.0
58 23.0
58 28.0
58 33.0
58 38.0
58 43.0
58 48.0
58 53.0
58 58.0
58 63.0
59 11.0
59 17.0
59 23.0
59 28.0
59 33.0
59 38.0
59 43.0
59 48.0
59 53.0
59 58.0
59 63.0
60 11.0
60 17.0
60 23.0
60 28.0
60 33.0
60 38.0
60 43.0
60 48.0
60 53.0
60 58.0
60 63.0
61 11.0
61 17.0
61 23.0
61 28.0
61 33.0
61 38.0
61 43.0
61 48.0
61 53.0
61 58.0
61 63.0
62 11.0
62 17.0
62 23.0
62 28.0
62 33.0
62 38.0
62 43.0
62 48.0
62 53.0
62 58.0
62 63.0
63 11.0
63 17.0
63 23.0
63 28.0
63 33.0
63 38.0
63 43.0
63 48.0
63 53.0
63 58.0
63 63.0
64 11.0
64 17.0
64 23.0
64 28.0
64 33.0
64 38.0
64 43.0
64 48.0
64 53.0
64 58.0
64 63.0
(f-4 - isType ('canary', 'animal'))
68 71.0
68 77.0
68 83.0
68 88.0
68 93.0
69 71.0
69 77.0
69 83.0
69 88.0
69 93.0
70 71.0
70 77.0
70 83.0
70 88.0
70 93.0
71 71.0
71 77.0
71 83.0
71 88.0
71 93.0
72 71.0
72 77.0
72 83.0
72 88.0
72 93.0
73 71.0
73 77.0
73 83.0
73 88.0
73 93.0
74 71.0
74 77.0
74 83.0
74 88.0
74 93.0
75 71.0
75 77.0
75 83.0
75 88.0
75 93.0
(Base: animal)
0 30.0
0 35.0
0 39.0
0 43.0
0 47.0
0 51.0
0 55.0
0 59.0
0 63.0
0 67.0
0 71.0
0 75.0
0 79.0
0 83.0
0 87.0
0 91.0
0 95.0
0 99.0
0 103.0
0 107.0
0 111.0
0 115.0
0 119.0
0 123.0
0 127.0
0 131.0
0 135.0
0 139.0
0 143.0
0 147.0
0 151.0
0 155.0
0 159.0
0 163.0
0 167.0
0 171.0
0 175.0
0 179.0
0 183.0
0 187.0
0 191.0
0 195.0
0 199.0
1 30.0
1 35.0
1 39.0
1 43.0
1 47.0
1 51.0
1 55.0
1 59.0
1 63.0
1 67.0
1 71.0
1 75.0
1 79.0
1 83.0
1 87.0
1 91.0
1 95.0
1 99.0
1 103.0
1 107.0
1 111.0
1 115.0
1 119.0
1 123.0
1 127.0
1 131.0
1 135.0
1 139.0
1 143.0
1 147.0
1 151.0
1 155.0
1 159.0
1 163.0
1 167.0
1 171.0
1 175.0
1 179.0
1 183.0
1 187.0
1 191.0
1 195.0
1 199.0
2 30.0
2 35.0
2 39.0
2 43.0
2 47.0
2 51.0
2 55.0
2 59.0
2 63.0
2 67.0
2 71.0
2 75.0
2 79.0
2 83.0
2 87.0
2 91.0
2 95.0
2 99.0
2 103.0
2 107.0
2 111.0
2 115.0
2 119.0
2 123.0
2 127.0
2 131.0
2 135.0
2 139.0
2 143.0
2 147.0
2 151.0
2 155.0
2 159.0
2 163.0
2 167.0
2 171.0
2 175.0
2 179.0
2 183.0
2 187.0
2 191.0
2 195.0
2 199.0
3 30.0
3 35.0
3 39.0
3 43.0
3 47.0
3 51.0
3 55.0
3 59.0
3 63.0
3 67.0
3 71.0
3 75.0
3 79.0
3 83.0
3 87.0
3 91.0
3 95.0
3 99.0
3 103.0
3 107.0
3 111.0
3 115.0
3 119.0
3 123.0
3 127.0
3 131.0
3 135.0
3 139.0
3 143.0
3 147.0
3 151.0
3 155.0
3 159.0
3 163.0
3 167.0
3 171.0
3 175.0
3 179.0
3 183.0
3 187.0
3 191.0
3 195.0
3 199.0
4 30.0
4 35.0
4 39.0
4 43.0
4 47.0
4 51.0
4 55.0
4 59.0
4 63.0
4 67.0
4 71.0
4 75.0
4 79.0
4 83.0
4 87.0
4 91.0
4 95.0
4 99.0
4 103.0
4 107.0
4 111.0
4 115.0
4 119.0
4 123.0
4 127.0
4 131.0
4 135.0
4 139.0
4 143.0
4 147.0
4 151.0
4 155.0
4 159.0
4 163.0
4 167.0
4 171.0
4 175.0
4 179.0
4 183.0
4 187.0
4 191.0
4 195.0
4 199.0
5 30.0
5 35.0
5 39.0
5 43.0
5 47.0
5 51.0
5 55.0
5 59.0
5 63.0
5 67.0
5 71.0
5 75.0
5 79.0
5 83.0
5 87.0
5 91.0
5 95.0
5 99.0
5 103.0
5 107.0
5 111.0
5 115.0
5 119.0
5 123.0
5 127.0
5 131.0
5 135.0
5 139.0
5 143.0
5 147.0
5 151.0
5 155.0
5 159.0
5 163.0
5 167.0
5 171.0
5 175.0
5 179.0
5 183.0
5 187.0
5 191.0
5 195.0
5 199.0
6 30.0
6 35.0
6 39.0
6 43.0
6 47.0
6 51.0
6 55.0
6 59.0
6 63.0
6 67.0
6 71.0
6 75.0
6 79.0
6 83.0
6 87.0
6 91.0
6 95.0
6 99.0
6 103.0
6 107.0
6 111.0
6 115.0
6 119.0
6 123.0
6 127.0
6 131.0
6 135.0
6 139.0
6 143.0
6 147.0
6 151.0
6 155.0
6 159.0
6 163.0
6 167.0
6 171.0
6 175.0
6 179.0
6 183.0
6 187.0
6 191.0
6 195.0
6 199.0
7 30.0
7 35.0
7 39.0
7 43.0
7 47.0
7 51.0
7 55.0
7 59.0
7 63.0
7 67.0
7 71.0
7 75.0
7 79.0
7 83.0
7 87.0
7 91.0
7 95.0
7 99.0
7 103.0
7 107.0
7 111.0
7 115.0
7 119.0
7 123.0
7 127.0
7 131.0
7 135.0
7 139.0
7 143.0
7 147.0
7 151.0
7 155.0
7 159.0
7 163.0
7 167.0
7 171.0
7 175.0
7 179.0
7 183.0
7 187.0
7 191.0
7 195.0
7 199.0
8 73.0
8 114.0
8 154.0
8 194.0
9 73.0
9 114.0
9 154.0
9 194.0
(Base: mammal)
(Base: bird)
20 51.0
20 57.0
20 62.0
20 67.0
20 72.0
20 77.0
20 82.0
20 87.0
20 92.0
20 97.0
20 102.0
20 107.0
20 112.0
20 117.0
20 122.0
20 127.0
20 132.0
20 137.0
20 142.0
20 147.0
20 152.0
20 157.0
20 162.0
20 167.0
20 172.0
20 177.0
20 182.0
20 187.0
20 192.0
20 197.0
21 51.0
21 57.0
21 62.0
21 67.0
21 72.0
21 77.0
21 82.0
21 87.0
21 92.0
21 97.0
21 102.0
21 107.0
21 112.0
21 117.0
21 122.0
21 127.0
21 132.0
21 137.0
21 142.0
21 147.0
21 152.0
21 157.0
21 162.0
21 167.0
21 172.0
21 177.0
21 182.0
21 187.0
21 192.0
21 197.0
22 51.0
22 57.0
22 62.0
22 67.0
22 72.0
22 77.0
22 82.0
22 87.0
22 92.0
22 97.0
22 102.0
22 107.0
22 112.0
22 117.0
22 122.0
22 127.0
22 132.0
22 137.0
22 142.0
22 147.0
22 152.0
22 157.0
22 162.0
22 167.0
22 172.0
22 177.0
22 182.0
22 187.0
22 192.0
22 197.0
23 51.0
23 57.0
23 62.0
23 67.0
23 72.0
23 77.0
23 82.0
23 87.0
23 92.0
23 97.0
23 102.0
23 107.0
23 112.0
23 117.0
23 122.0
23 127.0
23 132.0
23 137.0
23 142.0
23 147.0
23 152.0
23 157.0
23 162.0
23 167.0
23 172.0
23 177.0
23 182.0
23 187.0
23 192.0
23 197.0
24 51.0
24 57.0
24 62.0
24 67.0
24 72.0
24 77.0
24 82.0
24 87.0
24 92.0
24 97.0
24 102.0
24 107.0
24 112.0
24 117.0
24 122.0
24 127.0
24 132.0
24 137.0
24 142.0
24 147.0
24 152.0
24 157.0
24 162.0
24 167.0
24 172.0
24 177.0
24 182.0
24 187.0
24 192.0
24 197.0
25 51.0
25 57.0
25 62.0
25 67.0
25 72.0
25 77.0
25 82.0
25 87.0
25 92.0
25 97.0
25 102.0
25 107.0
25 112.0
25 117.0
25 122.0
25 127.0
25 132.0
25 137.0
25 142.0
25 147.0
25 152.0
25 157.0
25 162.0
25 167.0
25 172.0
25 177.0
25 182.0
25 187.0
25 192.0
25 197.0
26 51.0
26 57.0
26 62.0
26 67.0
26 72.0
26 77.0
26 82.0
26 87.0
26 92.0
26 97.0
26 102.0
26 107.0
26 112.0
26 117.0
26 122.0
26 127.0
26 132.0
26 137.0
26 142.0
26 147.0
26 152.0
26 157.0
26 162.0
26 167.0
26 172.0
26 177.0
26 182.0
26 187.0
26 192.0
26 197.0
27 51.0
27 57.0
27 62.0
27 67.0
27 72.0
27 77.0
27 82.0
27 87.0
27 92.0
27 97.0
27 102.0
27 107.0
27 112.0
27 117.0
27 122.0
27 127.0
27 132.0
27 137.0
27 142.0
27 147.0
27 152.0
27 157.0
27 162.0
27 167.0
27 172.0
27 177.0
27 182.0
27 187.0
27 192.0
27 197.0
(Base: monkey)
(Base: canary)
40 23.0
40 27.0
40 31.0
40 35.0
40 39.0
40 43.0
40 46.0
40 49.0
40 52.0
40 55.0
40 59.0
40 63.0
40 66.0
40 69.0
40 72.0
40 75.0
40 79.0
40 83.0
40 87.0
40 91.0
40 95.0
40 99.0
40 103.0
40 107.0
40 111.0
40 115.0
40 119.0
40 123.0
40 127.0
40 131.0
40 135.0
40 139.0
40 143.0
40 147.0
40 151.0
40 155.0
40 159.0
40 163.0
40 167.0
40 171.0
40 175.0
40 179.0
40 183.0
40 187.0
40 191.0
40 195.0
40 199.0
41 23.0
41 27.0
41 31.0
41 35.0
41 39.0
41 43.0
41 46.0
41 49.0
41 52.0
41 55.0
41 59.0
41 63.0
41 66.0
41 69.0
41 72.0
41 75.0
41 79.0
41 83.0
41 87.0
41 91.0
41 95.0
41 99.0
41 103.0
41 107.0
41 111.0
41 115.0
41 119.0
41 123.0
41 127.0
41 131.0
41 135.0
41 139.0
41 143.0
41 147.0
41 151.0
41 155.0
41 159.0
41 163.0
41 167.0
41 171.0
41 175.0
41 179.0
41 183.0
41 187.0
41 191.0
41 195.0
41 199.0
42 23.0
42 27.0
42 31.0
42 35.0
42 39.0
42 43.0
42 46.0
42 49.0
42 52.0
42 55.0
42 59.0
42 63.0
42 66.0
42 69.0
42 72.0
42 75.0
42 79.0
42 83.0
42 87.0
42 91.0
42 95.0
42 99.0
42 103.0
42 107.0
42 111.0
42 115.0
42 119.0
42 123.0
42 127.0
42 131.0
42 135.0
42 139.0
42 143.0
42 147.0
42 151.0
42 155.0
42 159.0
42 163.0
42 167.0
42 171.0
42 175.0
42 179.0
42 183.0
42 187.0
42 191.0
42 195.0
42 199.0
43 23.0
43 27.0
43 31.0
43 35.0
43 39.0
43 43.0
43 46.0
43 49.0
43 52.0
43 55.0
43 59.0
43 63.0
43 66.0
43 69.0
43 72.0
43 75.0
43 79.0
43 83.0
43 87.0
43 91.0
43 95.0
43 99.0
43 103.0
43 107.0
43 111.0
43 115.0
43 119.0
43 123.0
43 127.0
43 131.0
43 135.0
43 139.0
43 143.0
43 147.0
43 151.0
43 155.0
43 159.0
43 163.0
43 167.0
43 171.0
43 175.0
43 179.0
43 183.0
43 187.0
43 191.0
43 195.0
43 199.0
44 23.0
44 27.0
44 31.0
44 35.0
44 39.0
44 43.0
44 46.0
44 49.0
44 52.0
44 55.0
44 59.0
44 63.0
44 66.0
44 69.0
44 72.0
44 75.0
44 79.0
44 83.0
44 87.0
44 91.0
44 95.0
44 99.0
44 103.0
44 107.0
44 111.0
44 115.0
44 119.0
44 123.0
44 127.0
44 131.0
44 135.0
44 139.0
44 143.0
44 147.0
44 151.0
44 155.0
44 159.0
44 163.0
44 167.0
44 171.0
44 175.0
44 179.0
44 183.0
44 187.0
44 191.0
44 195.0
44 199.0
45 23.0
45 27.0
45 31.0
45 35.0
45 39.0
45 43.0
45 46.0
45 49.0
45 52.0
45 55.0
45 59.0
45 63.0
45 66.0
45 69.0
45 72.0
45 75.0
45 79.0
45 83.0
45 87.0
45 91.0
45 95.0
45 99.0
45 103.0
45 107.0
45 111.0
45 115.0
45 119.0
45 123.0
45 127.0
45 131.0
45 135.0
45 139.0
45 143.0
45 147.0
45 151.0
45 155.0
45 159.0
45 163.0
45 167.0
45 171.0
45 175.0
45 179.0
45 183.0
45 187.0
45 191.0
45 195.0
45 199.0
46 23.0
46 27.0
46 31.0
46 35.0
46 39.0
46 43.0
46 46.0
46 49.0
46 52.0
46 55.0
46 59.0
46 63.0
46 66.0
46 69.0
46 72.0
46 75.0
46 79.0
46 83.0
46 87.0
46 91.0
46 95.0
46 99.0
46 103.0
46 107.0
46 111.0
46 115.0
46 119.0
46 123.0
46 127.0
46 131.0
46 135.0
46 139.0
46 143.0
46 147.0
46 151.0
46 155.0
46 159.0
46 163.0
46 167.0
46 171.0
46 175.0
46 179.0
46 183.0
46 187.0
46 191.0
46 195.0
46 199.0
47 23.0
47 27.0
47 31.0
47 35.0
47 39.0
47 43.0
47 46.0
47 49.0
47 52.0
47 55.0
47 59.0
47 63.0
47 66.0
47 69.0
47 72.0
47 75.0
47 79.0
47 83.0
47 87.0
47 91.0
47 95.0
47 99.0
47 103.0
47 107.0
47 111.0
47 115.0
47 119.0
47 123.0
47 127.0
47 131.0
47 135.0
47 139.0
47 143.0
47 147.0
47 151.0
47 155.0
47 159.0
47 163.0
47 167.0
47 171.0
47 175.0
47 179.0
47 183.0
47 187.0
47 191.0
47 195.0
47 199.0
48 54.0
48 81.0
48 121.0
48 162.0
49 54.0
49 81.0
49 121.0
49 162.0
(Property: food)
0 30.0
0 35.0
0 39.0
0 43.0
0 47.0
0 51.0
0 55.0
0 59.0
0 63.0
0 67.0
0 71.0
0 75.0
0 79.0
0 83.0
0 87.0
0 91.0
0 95.0
0 99.0
0 103.0
0 107.0
0 111.0
0 115.0
0 119.0
0 123.0
0 127.0
0 131.0
0 135.0
0 139.0
0 143.0
0 147.0
0 151.0
0 155.0
0 159.0
0 163.0
0 167.0
0 171.0
0 175.0
0 179.0
0 183.0
0 187.0
0 191.0
0 195.0
0 199.0
1 30.0
1 35.0
1 39.0
1 43.0
1 47.0
1 51.0
1 55.0
1 59.0
1 63.0
1 67.0
1 71.0
1 75.0
1 79.0
1 83.0
1 87.0
1 91.0
1 95.0
1 99.0
1 103.0
1 107.0
1 111.0
1 115.0
1 119.0
1 123.0
1 127.0
1 131.0
1 135.0
1 139.0
1 143.0
1 147.0
1 151.0
1 155.0
1 159.0
1 163.0
1 167.0
1 171.0
1 175.0
1 179.0
1 183.0
1 187.0
1 191.0
1 195.0
1 199.0
2 30.0
2 35.0
2 39.0
2 43.0
2 47.0
2 51.0
2 55.0
2 59.0
2 63.0
2 67.0
2 71.0
2 75.0
2 79.0
2 83.0
2 87.0
2 91.0
2 95.0
2 99.0
2 103.0
2 107.0
2 111.0
2 115.0
2 119.0
2 123.0
2 127.0
2 131.0
2 135.0
2 139.0
2 143.0
2 147.0
2 151.0
2 155.0
2 159.0
2 163.0
2 167.0
2 171.0
2 175.0
2 179.0
2 183.0
2 187.0
2 191.0
2 195.0
2 199.0
3 30.0
3 35.0
3 39.0
3 43.0
3 47.0
3 51.0
3 55.0
3 59.0
3 63.0
3 67.0
3 71.0
3 75.0
3 79.0
3 83.0
3 87.0
3 91.0
3 95.0
3 99.0
3 103.0
3 107.0
3 111.0
3 115.0
3 119.0
3 123.0
3 127.0
3 131.0
3 135.0
3 139.0
3 143.0
3 147.0
3 151.0
3 155.0
3 159.0
3 163.0
3 167.0
3 171.0
3 175.0
3 179.0
3 183.0
3 187.0
3 191.0
3 195.0
3 199.0
4 30.0
4 35.0
4 39.0
4 43.0
4 47.0
4 51.0
4 55.0
4 59.0
4 63.0
4 67.0
4 71.0
4 75.0
4 79.0
4 83.0
4 87.0
4 91.0
4 95.0
4 99.0
4 103.0
4 107.0
4 111.0
4 115.0
4 119.0
4 123.0
4 127.0
4 131.0
4 135.0
4 139.0
4 143.0
4 147.0
4 151.0
4 155.0
4 159.0
4 163.0
4 167.0
4 171.0
4 175.0
4 179.0
4 183.0
4 187.0
4 191.0
4 195.0
4 199.0
5 30.0
5 35.0
5 39.0
5 43.0
5 47.0
5 51.0
5 55.0
5 59.0
5 63.0
5 67.0
5 71.0
5 75.0
5 79.0
5 83.0
5 87.0
5 91.0
5 95.0
5 99.0
5 103.0
5 107.0
5 111.0
5 115.0
5 119.0
5 123.0
5 127.0
5 131.0
5 135.0
5 139.0
5 143.0
5 147.0
5 151.0
5 155.0
5 159.0
5 163.0
5 167.0
5 171.0
5 175.0
5 179.0
5 183.0
5 187.0
5 191.0
5 195.0
5 199.0
6 30.0
6 35.0
6 39.0
6 43.0
6 47.0
6 51.0
6 55.0
6 59.0
6 63.0
6 67.0
6 71.0
6 75.0
6 79.0
6 83.0
6 87.0
6 91.0
6 95.0
6 99.0
6 103.0
6 107.0
6 111.0
6 115.0
6 119.0
6 123.0
6 127.0
6 131.0
6 135.0
6 139.0
6 143.0
6 147.0
6 151.0
6 155.0
6 159.0
6 163.0
6 167.0
6 171.0
6 175.0
6 179.0
6 183.0
6 187.0
6 191.0
6 195.0
6 199.0
7 30.0
7 35.0
7 39.0
7 43.0
7 47.0
7 51.0
7 55.0
7 59.0
7 63.0
7 67.0
7 71.0
7 75.0
7 79.0
7 83.0
7 87.0
7 91.0
7 95.0
7 99.0
7 103.0
7 107.0
7 111.0
7 115.0
7 119.0
7 123.0
7 127.0
7 131.0
7 135.0
7 139.0
7 143.0
7 147.0
7 151.0
7 155.0
7 159.0
7 163.0
7 167.0
7 171.0
7 175.0
7 179.0
7 183.0
7 187.0
7 191.0
7 195.0
7 199.0
8 73.0
8 114.0
8 154.0
8 194.0
9 73.0
9 114.0
9 154.0
9 194.0
(Relationship: eats)
0 30.0
0 35.0
0 39.0
0 43.0
0 47.0
0 51.0
0 55.0
0 59.0
0 63.0
0 67.0
0 71.0
0 75.0
0 79.0
0 83.0
0 87.0
0 91.0
0 95.0
0 99.0
0 103.0
0 107.0
0 111.0
0 115.0
0 119.0
0 123.0
0 127.0
0 131.0
0 135.0
0 139.0
0 143.0
0 147.0
0 151.0
0 155.0
0 159.0
0 163.0
0 167.0
0 171.0
0 175.0
0 179.0
0 183.0
0 187.0
0 191.0
0 195.0
0 199.0
1 30.0
1 35.0
1 39.0
1 43.0
1 47.0
1 51.0
1 55.0
1 59.0
1 63.0
1 67.0
1 71.0
1 75.0
1 79.0
1 83.0
1 87.0
1 91.0
1 95.0
1 99.0
1 103.0
1 107.0
1 111.0
1 115.0
1 119.0
1 123.0
1 127.0
1 131.0
1 135.0
1 139.0
1 143.0
1 147.0
1 151.0
1 155.0
1 159.0
1 163.0
1 167.0
1 171.0
1 175.0
1 179.0
1 183.0
1 187.0
1 191.0
1 195.0
1 199.0
2 30.0
2 35.0
2 39.0
2 43.0
2 47.0
2 51.0
2 55.0
2 59.0
2 63.0
2 67.0
2 71.0
2 75.0
2 79.0
2 83.0
2 87.0
2 91.0
2 95.0
2 99.0
2 103.0
2 107.0
2 111.0
2 115.0
2 119.0
2 123.0
2 127.0
2 131.0
2 135.0
2 139.0
2 143.0
2 147.0
2 151.0
2 155.0
2 159.0
2 163.0
2 167.0
2 171.0
2 175.0
2 179.0
2 183.0
2 187.0
2 191.0
2 195.0
2 199.0
3 30.0
3 35.0
3 39.0
3 43.0
3 47.0
3 51.0
3 55.0
3 59.0
3 63.0
3 67.0
3 71.0
3 75.0
3 79.0
3 83.0
3 87.0
3 91.0
3 95.0
3 99.0
3 103.0
3 107.0
3 111.0
3 115.0
3 119.0
3 123.0
3 127.0
3 131.0
3 135.0
3 139.0
3 143.0
3 147.0
3 151.0
3 155.0
3 159.0
3 163.0
3 167.0
3 171.0
3 175.0
3 179.0
3 183.0
3 187.0
3 191.0
3 195.0
3 199.0
4 30.0
4 35.0
4 39.0
4 43.0
4 47.0
4 51.0
4 55.0
4 59.0
4 63.0
4 67.0
4 71.0
4 75.0
4 79.0
4 83.0
4 87.0
4 91.0
4 95.0
4 99.0
4 103.0
4 107.0
4 111.0
4 115.0
4 119.0
4 123.0
4 127.0
4 131.0
4 135.0
4 139.0
4 143.0
4 147.0
4 151.0
4 155.0
4 159.0
4 163.0
4 167.0
4 171.0
4 175.0
4 179.0
4 183.0
4 187.0
4 191.0
4 195.0
4 199.0
5 30.0
5 35.0
5 39.0
5 43.0
5 47.0
5 51.0
5 55.0
5 59.0
5 63.0
5 67.0
5 71.0
5 75.0
5 79.0
5 83.0
5 87.0
5 91.0
5 95.0
5 99.0
5 103.0
5 107.0
5 111.0
5 115.0
5 119.0
5 123.0
5 127.0
5 131.0
5 135.0
5 139.0
5 143.0
5 147.0
5 151.0
5 155.0
5 159.0
5 163.0
5 167.0
5 171.0
5 175.0
5 179.0
5 183.0
5 187.0
5 191.0
5 195.0
5 199.0
6 30.0
6 35.0
6 39.0
6 43.0
6 47.0
6 51.0
6 55.0
6 59.0
6 63.0
6 67.0
6 71.0
6 75.0
6 79.0
6 83.0
6 87.0
6 91.0
6 95.0
6 99.0
6 103.0
6 107.0
6 111.0
6 115.0
6 119.0
6 123.0
6 127.0
6 131.0
6 135.0
6 139.0
6 143.0
6 147.0
6 151.0
6 155.0
6 159.0
6 163.0
6 167.0
6 171.0
6 175.0
6 179.0
6 183.0
6 187.0
6 191.0
6 195.0
6 199.0
7 30.0
7 35.0
7 39.0
7 43.0
7 47.0
7 51.0
7 55.0
7 59.0
7 63.0
7 67.0
7 71.0
7 75.0
7 79.0
7 83.0
7 87.0
7 91.0
7 95.0
7 99.0
7 103.0
7 107.0
7 111.0
7 115.0
7 119.0
7 123.0
7 127.0
7 131.0
7 135.0
7 139.0
7 143.0
7 147.0
7 151.0
7 155.0
7 159.0
7 163.0
7 167.0
7 171.0
7 175.0
7 179.0
7 183.0
7 187.0
7 191.0
7 195.0
7 199.0
8 73.0
8 114.0
8 154.0
8 194.0
9 73.0
9 114.0
9 154.0
9 194.0
